1958.208 314.620
1958.292 315.290
1958.375 314.710
1958.458 314.850
1958.542 314.980
1958.625 315.940
1958.708 315.910
1958.792 315.610
1958.875 315.310
1958.958 315.610
1959.042 315.700
1959.125 315.880
1959.208 315.620
1959.292 315.560
1959.375 315.500
1959.458 315.920
1959.542 315.660
1959.625 315.810
1959.708 316.550
1959.792 316.190
1959.875 316.780
1959.958 316.520
1960.042 316.510
1960.125 316.470
1960.208 316.490
1960.292 316.860
1960.375 317.240
1960.458 317.360
1960.542 317.300
1960.625 316.920
1960.708 316.870
1960.792 316.760
1960.875 316.980
1960.958 317.130
1961.042 317.030
1961.125 317.280
1961.208 317.470
1961.292 317.270
1961.375 317.700
1961.458 317.480
1961.542 317.700
1961.625 317.800
1961.708 317.490
1961.792 318.350
1961.875 318.130
1961.958 317.940
1962.042 318.060
1962.125 318.110
1962.208 318.570
1962.292 318.450
1962.375 318.200
1962.458 318.270
1962.542 318.670
1962.625 318.480
1962.708 319.030
1962.792 318.330
1962.875 318.620
1962.958 318.610
1963.042 318.910
1963.125 318.680
1963.208 318.690
1963.292 319.090
1963.375 319.390
1963.458 319.160
1963.542 318.770
1963.625 318.830
1963.708 319.060
1963.792 319.000
1963.875 319.100
1963.958 319.250
1964.042 319.670
1964.125 319.610
1964.208 319.550
1964.292 319.480
1964.375 319.420
1964.458 319.690
1964.542 319.580
1964.625 319.810
1964.708 319.560
1964.792 319.780
1964.875 319.720
1964.958 319.590
1965.042 319.480
1965.125 319.970
1965.208 319.650
1965.292 319.800
1965.375 319.360
1965.458 319.650
1965.542 320.510
1965.625 319.930
1965.708 320.680
1965.792 320.360
1965.875 320.870
1965.958 320.260
1966.042 320.630
1966.125 321.100
1966.208 321.160
1966.292 321.510
1966.375 321.180
1966.458 321.520
1966.542 321.490
1966.625 321.500
1966.708 321.540
1966.792 321.180
1966.875 321.840
1966.958 321.950
1967.042 322.070
1967.125 321.940
1967.208 321.720
1967.292 322.050
1967.375 322.270
1967.458 321.940
1967.542 321.660
1967.625 322.040
1967.708 322.190
1967.792 322.360
1967.875 322.780
1967.958 322.860
1968.042 322.550
1968.125 322.560
1968.208 322.590
1968.292 322.730
1968.375 322.870
1968.458 323.200
1968.542 323.250
1968.625 323.150
1968.708 323.310
1968.792 323.320
1968.875 323.320
1968.958 323.690
1969.042 323.980
1969.125 323.890
1969.208 324.410
1969.292 324.350
1969.375 324.570
1969.458 324.630
1969.542 325.080
1969.625 324.800
1969.708 325.280
1969.792 324.840
1969.875 324.780
1969.958 324.880
1970.042 325.040
1970.125 325.420
1970.208 325.690
1970.292 325.860
1970.375 325.270
1970.458 325.520
1970.542 325.510
1970.625 325.760
1970.708 325.930
1970.792 326.150
1970.875 325.960
1970.958 326.060
1971.042 326.260
1971.125 326.090
1971.208 325.940
1971.292 325.470
1971.375 326.100
1971.458 326.410
1971.542 326.460
1971.625 326.490
1971.708 326.180
1971.792 326.580
1971.875 326.820
1971.958 327.020
1972.042 326.860
1972.125 327.050
1972.208 326.520
1972.292 327.410
1972.375 327.210
1972.458 326.940
1972.542 327.240
1972.625 327.370
1972.708 327.730
1972.792 328.050
1972.875 328.500
1972.958 328.560
1973.042 328.580
1973.125 328.870
1973.208 328.990
1973.292 329.120
1973.375 329.600
1973.458 329.960
1973.542 330.090
1973.625 330.430
1973.708 330.430
1973.792 330.230
1973.875 330.170
1973.958 329.660
1974.042 329.440
1974.125 330.110
1974.208 330.190
1974.292 330.250
1974.375 330.260
1974.458 329.930
1974.542 330.200
1974.625 330.310
1974.708 330.350
1974.792 330.290
1974.875 330.330
1974.958 330.470
1975.042 330.810
1975.125 330.860
1975.208 330.490
1975.292 330.770
1975.375 330.940
1975.458 331.180
1975.542 330.920
1975.625 331.060
1975.708 331.540
1975.792 331.450
1975.875 331.390
1975.958 331.600
1976.042 331.820
1976.125 332.190
1976.208 331.990
1976.292 332.240
1976.375 331.860
1976.458 331.740
1976.542 332.060
1976.625 331.870
1976.708 331.940
1976.792 331.920
1976.875 332.330
1976.958 332.690
1977.042 332.750
1977.125 332.600
1977.208 333.360
1977.292 333.390
1977.375 333.870
1977.458 333.760
1977.542 333.960
1977.625 333.920
1977.708 334.270
1977.792 334.430
1977.875 334.590
1977.958 334.480
1978.042 335.110
1978.125 334.580
1978.208 334.950
1978.292 335.110
1978.375 335.050
1978.458 335.600
1978.542 335.680
1978.625 335.880
1978.708 335.490
1978.792 335.660
1978.875 336.010
1978.958 335.790
1979.042 336.230
1979.125 335.940
1979.208 336.400
1979.292 336.210
1979.375 336.010
1979.458 336.790
1979.542 336.780
1979.625 337.100
1979.708 337.170
1979.792 337.440
1979.875 337.540
1979.958 337.760
1980.042 337.950
1980.125 337.730
1980.208 338.430
1980.292 338.200
1980.375 338.450
1980.458 338.790
1980.542 338.480
1980.625 338.920
1980.708 339.270
1980.792 339.320
1980.875 339.380
1980.958 339.230
1981.042 339.410
1981.125 339.890
1981.208 339.980
1981.292 339.930
1981.375 339.990
1981.458 340.020
1981.542 339.810
1981.625 339.970
1981.708 340.170
1981.792 340.440
1981.875 340.760
1981.958 340.810
1982.042 341.030
1982.125 341.050
1982.208 341.220
1982.292 341.310
1982.375 341.630
1982.458 341.320
1982.542 341.450
1982.625 341.610
1982.708 341.530
1982.792 341.720
1982.875 341.620
1982.958 341.770
1983.042 341.790
1983.125 342.300
1983.208 342.040
1983.292 342.630
1983.375 342.800
1983.458 343.030
1983.542 343.420
1983.625 343.720
1983.708 343.340
1983.792 343.630
1983.875 343.660
1983.958 343.970
1984.042 344.150
1984.125 344.210
1984.208 344.000
1984.292 344.170
1984.375 344.350
1984.458 344.500
1984.542 344.820
1984.625 344.670
1984.708 344.540
1984.792 344.990
1984.875 345.160
1984.958 345.420
1985.042 345.350
1985.125 345.500
1985.208 346.270
1985.292 345.640
1985.375 345.750
1985.458 345.940
1985.542 345.860
1985.625 346.220
1985.708 346.320
1985.792 346.360
1985.875 346.530
1985.958 346.750
1986.042 346.560
1986.125 346.590
1986.208 346.710
1986.292 347.210
1986.375 347.390
1986.458 347.470
1986.542 347.300
1986.625 347.490
1986.708 348.160
1986.792 347.710
1986.875 347.990
1986.958 348.060
1987.042 348.310
1987.125 348.010
1987.208 348.310
1987.292 348.770
1987.375 349.030
1987.458 349.230
1987.542 349.200
1987.625 349.340
1987.708 349.710
1987.792 349.880
1987.875 350.070
1987.958 350.070
1988.042 350.360
1988.125 351.010
1988.208 350.760
1988.292 351.000
1988.375 350.990
1988.458 351.300
1988.542 351.940
1988.625 352.190
1988.708 352.220
1988.792 352.340
1988.875 352.290
1988.958 352.360
1989.042 352.830
1989.125 352.550
1989.208 352.360
1989.292 352.930
1989.375 352.650
1989.458 352.880
1989.542 353.330
1989.625 353.110
1989.708 353.260
1989.792 353.530
1989.875 353.600
1989.958 353.780
1990.042 353.740
1990.125 354.200
1990.208 354.210
1990.292 353.660
1990.375 354.100
1990.458 353.920
1990.542 354.270
1990.625 354.510
1990.708 354.530
1990.792 354.810
1990.875 355.100
1990.958 355.120
1991.042 354.850
1991.125 355.010
1991.208 355.570
1991.292 355.880
1991.375 355.940
1991.458 355.750
1991.542 355.510
1991.625 355.500
1991.708 355.580
1991.792 355.550
1991.875 355.780
1991.958 355.890
1992.042 356.120
1992.125 356.230
1992.208 356.280
1992.292 356.300
1992.375 356.330
1992.458 356.920
1992.542 356.270
1992.625 356.610
1992.708 356.270
1992.792 356.570
1992.875 356.320
1992.958 356.370
1993.042 356.840
1993.125 356.430
1993.208 356.700
1993.292 356.600
1993.375 357.000
1993.458 357.090
1993.542 356.830
1993.625 357.140
1993.708 357.450
1993.792 357.460
1993.875 357.530
1993.958 357.760
1994.042 358.130
1994.125 358.150
1994.208 358.250
1994.292 358.570
1994.375 358.440
1994.458 358.390
1994.542 358.790
1994.625 359.120
1994.708 359.050
1994.792 359.500
1994.875 359.720
1994.958 359.750
1995.042 359.760
1995.125 359.980
1995.208 360.190
1995.292 360.560
1995.375 360.610
1995.458 360.820
1995.542 361.030
1995.625 360.740
1995.708 361.480
1995.792 361.340
1995.875 361.540
1995.958 361.490
1996.042 361.840
1996.125 362.290
1996.208 362.550
1996.292 361.810
1996.375 362.100
1996.458 362.640
1996.542 362.830
1996.625 362.990
1996.708 363.030
1996.792 362.910
1996.875 362.990
1996.958 363.050
1997.042 362.850
1997.125 363.280
1997.208 362.860
1997.292 363.590
1997.375 363.760
1997.458 363.390
1997.542 363.630
1997.625 363.780
1997.708 363.690
1997.792 364.010
1997.875 364.510
1997.958 365.120
1998.042 365.010
1998.125 365.180
1998.208 365.500
1998.292 366.000
1998.375 366.600
1998.458 366.730
1998.542 367.050
1998.625 367.370
1998.708 367.340
1998.792 367.630
1998.875 367.580
1998.958 367.850
1999.042 367.920
1999.125 368.180
1999.208 368.000
1999.292 368.440
1999.375 367.950
1999.458 368.140
1999.542 368.600
1999.625 368.420
1999.708 368.240
1999.792 368.620
1999.875 368.680
1999.958 368.720
2000.042 369.060
2000.125 368.790
2000.208 369.040
2000.292 369.290
2000.375 368.640
2000.458 369.490
2000.542 369.180
2000.625 369.780
2000.708 370.190
2000.792 370.220
2000.875 370.290
2000.958 370.310
2001.042 370.360
2001.125 370.770
2001.208 370.970
2001.292 370.790
2001.375 370.920
2001.458 370.970
2001.542 370.940
2001.625 371.210
2001.708 371.410
2001.792 371.650
2001.875 371.700
2001.958 371.890
2002.042 372.230
2002.125 372.260
2002.208 372.220
2002.292 372.330
2002.375 372.740
2002.458 373.290
2002.542 373.360
2002.625 373.470
2002.708 374.010
2002.792 373.840
2002.875 374.330
2002.958 374.500
2003.042 374.630
2003.125 374.750
2003.208 374.790
2003.292 375.020
2003.375 375.470
2003.458 375.950
2003.542 376.160
2003.625 375.980
2003.708 376.510
2003.792 376.450
2003.875 376.830
2003.958 376.740
2004.042 376.790
2004.125 377.010
2004.208 377.060
2004.292 377.650
2004.375 377.510
2004.458 377.280
2004.542 377.030
2004.625 377.850
2004.708 377.490
2004.792 377.800
2004.875 378.130
2004.958 378.300
2005.042 378.210
2005.125 378.950
2005.208 379.630
2005.292 379.540
2005.375 379.330
2005.458 379.870
2005.542 380.170
2005.625 380.380
2005.708 379.980
2005.792 380.290
2005.875 380.470
2005.958 380.750
2006.042 381.110
2006.125 381.350
2006.208 381.110
2006.292 382.020
2006.375 381.820
2006.458 381.790
2006.542 381.820
2006.625 382.100
2006.708 382.220
2006.792 382.480
2006.875 382.380
2006.958 382.650
2007.042 382.740
2007.125 382.950
2007.208 382.920
2007.292 383.580
2007.375 383.350
2007.458 383.770
2007.542 383.990
2007.625 383.690
2007.708 384.250
2007.792 384.480
2007.875 384.640
2007.958 384.810
2008.042 385.260
2008.125 384.910
2008.208 384.400
2008.292 384.500
2008.375 385.380
2008.458 385.550
2008.542 385.870
2008.625 385.820
2008.708 386.340
2008.792 386.260
2008.875 386.320
2008.958 386.430
2009.042 386.660
2009.125 386.610
2009.208 387.300
2009.292 386.780
2009.375 387.020
2009.458 387.170
2009.542 387.310
2009.625 387.620
2009.708 388.030
2009.792 387.630
2009.875 388.160
2009.958 388.130
2010.042 388.230
2010.125 389.060
2010.208 389.600
2010.292 389.940
2010.375 389.860
2010.458 389.840
2010.542 389.750
2010.625 389.940
2010.708 390.090
2010.792 390.490
2010.875 390.790
2010.958 390.540
2011.042 390.980
2011.125 390.960
2011.208 390.990
2011.292 390.690
2011.375 390.970
2011.458 391.380
2011.542 391.960
2011.625 391.880
2011.708 392.340
2011.792 392.300
2011.875 392.410
2011.958 392.640
2012.042 392.910
2012.125 392.830
2012.208 392.880
2012.292 393.400
2012.375 393.510
2012.458 393.530
2012.542 393.890
2012.625 394.190
2012.708 394.450
2012.792 394.380
2012.875 394.870
2012.958 394.980
2013.042 395.380
2013.125 396.040
2013.208 395.720
2013.292 395.470
2013.375 396.380
2013.458 396.240
2013.542 396.790
2013.625 396.950
2013.708 396.910
2013.792 397.040
2013.875 397.240
2013.958 397.610
2014.042 397.650
2014.125 397.170
2014.208 398.030
2014.292 398.460
2014.375 398.500
2014.458 398.860
2014.542 398.630
2014.625 398.900
2014.708 398.750
2014.792 399.330
2014.875 399.410
2014.958 399.650
2015.042 399.820
2015.125 399.530
2015.208 399.950
2015.292 400.400
2015.375 400.570
2015.458 400.460
2015.542 400.900
2015.625 400.730
2015.708 401.040
2015.792 401.670
2015.875 402.300
2015.958 402.650
2016.042 402.360
2016.125 403.280
2016.208 403.230
2016.292 404.540
2016.375 404.320
2016.458 404.470
2016.542 403.990
